-76.1672
-69.5125
-69.7942
-72.2514
-73.8540
-75.1508
-76.0823
-76.9119
-77.5602
-78.8199
-79.3163
-79.7066
-79.9216
-79.8053
-81.1372
-81.7076
-82.6922
-82.6520
-83.2699
-84.1429
-84.5141
-84.2451
-84.7631
-85.1464
-86.0954
-86.1774
-85.9942
-86.7004
-86.3844
-86.7260
-87.9204
-88.6058
-88.7962
-89.6994
-89.7734
-89.6997
-89.9772
-89.8021
-89.8911
-90.1506
-90.6268
-91.0021
-92.1457
-92.0125
-91.7740
-92.4566
-93.0319
-93.5490
-94.2260
-93.7829
-93.6237
-93.9401
-94.6808
-94.7271
-95.3133
-95.5775
-94.7087
-95.4678
-95.6029
-95.9712
-97.2181
-97.5864
-97.0706
-97.2664
-97.6230
-96.8732
-96.6079
-96.3310
-96.8710
-97.7152
-97.8652
-98.8432
-98.7316
-98.4154
-98.4539
-97.9801
-98.3549
-99.2807
-98.9700
-98.8023
-99.2134
-98.5328
-99.2286
-100.0523
-99.6937
-99.3299
-99.8450
-99.5868
-99.1748
-99.7949
-100.5371
-100.0144
-100.1230
-100.1526
-100.2893
-100.4534
-100.7435
-99.8205
-99.6291
-100.5234
-101.1634
-100.6219
-100.8621
-100.4358
-101.1030
-100.8101
-100.7497
-100.4391
-99.8002
-100.6832
-100.8874
-101.0419
-101.2990
-100.7992
-101.2516
-101.9309
-101.7800
-101.5855
-101.4097
-101.2254
-101.1962
-101.1169
-100.7599
-100.0241
-99.6725
-99.1126
-98.1229
-97.8246
-101.1965
