-13.3228
-7.7986
-5.5071
3.1886
0.7206
-2.1985
-0.4494
-0.2808
5.2705
-0.7855
-0.4821
-1.0042
2.6081
1.6445
4.9439
-0.8014
-2.7346
-1.3437
-1.6306
3.8048
7.2297
8.4315
4.2732
-0.2645
-2.1643
-1.2076
7.2612
9.1020
8.3219
7.5446
5.1560
-0.6427
-0.7244
-2.0908
3.1434
5.5883
8.0639
6.8523
9.0317
5.5129
2.6704
3.3213
-1.2300
9.3298
6.6364
10.0024
5.9186
6.2719
0.4522
-4.9460
3.1384
5.6253
7.0527
7.1581
9.0201
6.1437
4.1928
3.7783
1.0410
4.7193
4.9092
5.5374
7.4888
5.0067
2.4417
-5.3858
-2.0444
3.3368
6.2868
5.9353
2.7703
-5.7515
1.6890
0.0390
5.3065
3.4507
6.7095
0.5302
2.8375
-3.7779
-0.0034
3.9530
0.4178
2.0502
2.0048
-3.1402
-4.5152
-2.5786
-3.5761
-6.8932
2.2431
4.5825
7.7608
-2.0660
6.2709
-1.7819
0.6206
3.8107
6.9543
7.4537
0.4440
5.7978
1.5029
-5.2066
6.1802
8.5530
7.7424
10.4946
12.1807
13.0358
13.4786
9.4591
9.8035
9.7854
9.0905
10.5419
5.2339
7.2219
7.9277
17.1495
14.7412
7.4616
4.3230
5.1884
12.2383
12.7935
3.8529
10.8656
5.8025
5.3469
-1.2480
2.1826
0.6104
-2.9209
3.1420
8.7978
8.9313
6.4413
4.6330
2.8613
5.8171
6.1935
11.8415
8.4872
8.0209
8.1231
7.9044
6.3330
3.8840
18.4099
18.9633
14.6189
14.5358
8.3223
10.0646
12.2922
9.4072
-0.2087
4.1767
5.6332
2.3776
4.2694
-1.7558
-0.6940
8.0875
3.5507
1.9632
8.3097
1.4079
2.0978
-0.0144
13.4739
12.7394
10.5055
12.7194
10.7467
8.4562
5.4975
5.3724
3.7374
4.3578
7.3311
9.1496
9.9993
6.2363
-0.5528
1.2914
6.4377
7.7948
-2.4170
11.3819
7.7738
6.0996
6.5434
2.6192
3.9443
9.9865
10.2271
11.9233
10.2622
12.0161
9.2295
8.9518
6.2579
5.6888
12.6695
11.3401
12.4956
12.7079
12.1253
12.1723
12.6932
7.6129
10.1995
9.8611
13.2072
14.1168
14.2115
5.5171
13.2657
10.0907
11.6724
11.7202
13.3276
13.8569
8.7138
12.8665
13.4219
9.1088
13.6028
16.1440
15.0706
15.5243
12.0919
14.6044
15.4090
14.6344
8.9371
12.7464
13.2380
14.2873
15.6551
15.4963
14.4739
12.4619
15.5516
18.0687
13.5686
12.2891
14.2111
17.2465
11.3632
10.6286
15.0650
14.5127
14.6817
18.8296
15.2246
17.1710
11.0119
16.3206
14.6028
14.6733
16.3570
13.4429
9.3491
16.8190
13.8679
13.2103
13.0016
15.7589
13.4047
14.5346
14.1279
15.0505
15.7707
15.4686
18.6043
17.6239
11.9839
17.1458
18.9362
18.3641
15.2250
14.3696
15.3672
16.0489
11.5072
18.8448
14.5714
16.0184
19.1490
16.5375
16.3377
13.8541
15.6035
19.2005
17.8742
20.8538
17.6381
19.0151
19.6213
15.4305
20.7956
19.0776
19.8869
15.9991
19.1500
17.3698
21.2423
17.1965
18.4126
18.8361
16.9958
17.6082
15.1008
16.8433
16.6301
15.8824
20.6687
16.1248
19.1246
15.4255
13.7287
17.3609
19.8538
21.5929
20.6271
21.4222
17.6986
17.6823
21.7366
20.4536
16.9154
20.4974
22.8471
19.0336
20.6446
22.5990
22.2439
22.0673
20.1091
25.4222
26.6122
24.0805
24.3345
28.6862
25.4757
25.1373
24.4445
25.9986
25.2244
28.5480
26.0434
25.5695
26.4266
28.7749
26.1366
27.7065
24.4950
28.0845
26.2800
24.6381
28.1546
26.8360
25.9494
28.7901
26.8070
28.3541
27.2664
28.2360
27.1740
28.0505
27.8599
26.9594
29.5237
28.1259
27.8389
25.5050
27.8256
28.5710
26.7629
30.7001
28.1008
27.9133
27.9491
31.2792
26.9877
27.3850
27.9867
32.1105
29.7528
34.2540
32.1884
32.5251
32.8749
32.7392
30.1221
30.6539
34.6221
29.9276
32.0646
33.0034
31.2716
29.7548
30.2027
29.9055
32.3487
29.6203
36.2888
30.0557
33.0389
31.3155
31.5433
33.0512
31.6922
30.3882
31.0251
31.4310
27.6999
32.4423
32.6028
33.0906
30.0155
31.5800
32.1548
31.6253
31.6462
30.9739
29.7096
30.6493
31.5466
32.0303
28.3143
30.2942
30.8695
31.3491
30.8018
29.6169
31.5377
29.9896
32.6538
32.0906
31.7003
31.4777
29.8402
30.7760
32.1956
29.2510
29.2575
31.0155
29.2660
29.3531
34.3619
34.5617
30.5285
32.4842
34.4078
29.2664
31.4154
28.3696
30.5374
30.0489
32.4597
31.6079
26.7474
32.3441
29.8710
31.8096
28.3842
31.5251
32.5726
34.2725
27.4808
28.6221
27.8369
27.8091
30.2153
27.6194
26.9990
29.8605
27.9737
30.0621
31.1209
29.9594
28.5501
29.3008
28.0448
27.3673
26.0382
29.0949
30.5026
27.2194
28.6266
28.3148
26.5220
29.2827
29.9459
28.5188
27.3069
27.4743
26.1858
28.5372
25.6103
28.2936
24.1414
27.0446
25.8964
24.4438
25.0921
26.9966
24.9080
25.5354
26.3638
27.2201
24.3717
25.5117
26.2083
25.2751
26.3348
30.0952
25.5228
24.3422
24.4454
23.8419
28.4767
24.5795
24.6423
26.1743
27.2720
25.1190
27.6307
27.1804
24.2943
26.4584
23.0675
23.2583
24.3496
22.9096
24.4985
21.7906
24.1651
23.6221
22.7939
24.5711
23.7109
19.2188
19.5309
23.7760
22.1469
22.1381
25.5503
25.3327
21.0731
23.1458
25.5861
25.0931
23.6779
21.3207
25.6527
24.7023
22.2583
26.4120
21.0591
21.9025
26.2464
25.1080
23.3048
24.5859
23.3762
22.2799
23.5020
20.3446
22.7407
22.0386
23.1355
24.2245
18.9536
24.6316
28.0053
27.9511
25.3149
26.4344
17.8755
24.0788
19.0144
25.4705
21.7471
25.1551
22.3840
22.2564
17.7817
31.2410
34.7191
35.7401
31.0327
20.8801
23.1919
23.3654
40.0007
39.1779
29.6117
26.2138
33.3051
25.3721
26.6250
23.9231
20.1200
23.0258
36.2211
40.8793
40.7877
33.2647
28.7175
26.7657
18.7227
27.4937
26.5532
20.9068
21.8704
27.6580
24.1748
24.1155
12.8885
12.4784
20.5275
15.0410
20.4193
23.9695
24.4389
22.0073
20.6280
23.9988
18.5697
21.1117
22.1795
24.5173
18.6910
19.3114
20.8807
21.0665
19.1329
13.7243
15.1837
24.1459
22.9299
19.5188
24.4260
24.1080
24.9129
17.9752
15.5967
22.0460
22.1303
19.4000
21.4350
25.8379
28.7329
27.9590
27.7686
28.2867
28.5445
42.2148
31.8419
29.7496
26.3411
36.1805
39.7563
39.3259
24.5265
22.5526
22.3944
21.1438
18.9478
